
execution:0.015096426010131836
execution:0.015112161636352539
execution:0.04593968391418457